------------------Сеты------------------
Воин
-а8_Сеты: 51541, 51542, 51543, 51544, 51545;
-т10_Сеты: 51220, 51221, 51222, 51223, 51224, 51225, 51226, 51227, 51228, 51229;

Друид
-а8_Сеты: 51420, 51421, 51422, 51424, 51419, 51426, 51427, 51428, 51430, 51425, 51434, 51435, 51436, 51438, 51433;
-т10_Сеты: 51299, 51297, 51296, 51295, 51298, 51300, 51301, 51302, 51303, 51304, 51292, 51293, 51290, 51291, 51294;

Жрец:
-а8_Сеты: 51488, 51489, 51490, 51491, 51487, 51483, 51484, 51485, 51486, 51482;
-т10_Сеты: 51262, 51263, 51264, 51260, 51261, 51258, 51259, 51257, 51256, 51255;

Маг:
-а8_Сеты: 51467, 51465, 51464, 51463, 51466;
-т10_Сеты: 51280, 51281, 51282, 51283, 51284;

Охотник: 
-а8_Сеты: 51458, 51459, 51460, 51461, 51462;
-т10_Сеты: 51285, 51286, 51287, 51288, 51289;

Паладин:
-а8_Сеты: 51474, 51475, 51476, 51477, 51479, 51468, 51469, 51470, 51471, 51473;
-т10_Сеты: 51279, 51268, 51266, 51267, 51265, 51269, 51268, 51266, 51267, 51265, 51270, 51271, 51272, 51273, 51274;

Разбойник:
-а8_Сеты: 51493, 51494, 51495, 51496, 51492;
-т10_Сеты: 51250, 51251, 51252, 51253, 51254;

Рыцарь смерти:
-а8_Сеты: 51413, 51414, 51415, 51416, 51418;
-т10_Сеты: 51310, 51311, 51312, 51313, 51314, 51305, 51306, 51307, 51308, 51309;

Чернокнижник:
-а8_Сеты: 51540, 51538, 51537, 51536, 51539
-т10_Сеты: 51230, 51231, 51232, 51233, 51234

Шаман:
-а8_Сеты: 51509, 51510, 51511, 51512, 51514, 51503, 51504, 51505, 51506, 51508, 51497, 51498, 51499, 51500, 51502
т10_Сеты: 51244, 51243, 51242, 51241, 51240, 51249, 51248, 51247, 51246, 51245, 51239, 51238, 51237, 51236, 51235

------------------Нонсет------------------
Ткань: 51329, 51327, 51328, 51367, 51365, 51366, 51339, 51337, 51338
Кожа: 51345, 51343, 51344? 51340, 51341, 51342, 51370, 51368, 51369
Кольчуга: 51376, 51374, 51375, 51373, 51371, 51372, 51352, 51350, 51351
Латы: 51361, 51359, 51360, 51364, 51362, 51363
Реликвии: 51429, 51437, 51423, 51478, 51472, 51417, 51507, 51513, 51501

------------------Аксессуары------------------
Плащи: 51334, 51348, 51330, 51346, 51332, 51354, 51356
Ожерелье: 51335, 51349, 51331, 51347, 51333, 51353, 51355, 51357
Кольца: 51336, 51358
Тринкеты: 51377, 51378, 42133, 42134, 42136, 42137, 42135

------------------Оружие------------------
-а8: 51524, 51529, 51444, 51398, 51399, 51518, 51442, 51528, 
51522, 51448, 51339, 51516, 51440, 51526, 51389, 51454, 51520, 
51446, 51391, 51481, 51403, 51401, 51432, 51457, 51405, 51395,
51412, 51450, 51452, 51455, 51533, 51535, 51532, 51531, 51410,
51451, 51407, 51396, 51408, 51409

------------------Прочее------------------
(ОЛО) - комментарий!!
Плечи: 51573, 51572,
Тринкеты: 46083, 46085, 46081, 46084, 46082, 44914, 44912, 46086, 46088, 46087
Кольца: 48999, 49000
